function mpc = reconfigurable_case_2

% function mpc = ../matpowerfiles/LV_fg21
mpc.version = '2';
mpc.baseMVA = 1;
mpc.bus = [
	476	3	0.0	0.0	0.0	0.0	27	1	0	0.23	1	1.1	0.9;
	477	1	0.0	0.0	0.0	0.0	27	1	0	0.23	1	1.1	0.9;
	478	1	0.0	0.0	0.0	0.0	27	1	0	0.23	1	1.1	0.9;
	479	1	0.0007983294080380001	6.4465356115e-05	0.0	0.0	27	1	0	0.23	1	1.1	0.9;
	480	1	0.0	0.0	0.0	0.0	27	1	0	0.23	1	1.1	0.9;
	481	1	0.0	0.0	0.0	0.0	27	1	0	0.23	1	1.1	0.9;
	482	1	0.0	0.0	0.0	0.0	27	1	0	0.23	1	1.1	0.9;
	483	1	0.000899803457314	8.5368785872e-05	0.0	0.0	27	1	0	0.23	1	1.1	0.9;
	484	1	0.0	0.0	0.0	0.0	27	1	0	0.23	1	1.1	0.9;
	485	1	0.000230529675671	1.5226162819e-05	0.0	0.0	27	1	0	0.23	1	1.1	0.9;
	486	1	0.0	0.0	0.0	0.0	27	1	0	0.23	1	1.1	0.9;
	487	1	0.0	0.0	0.0	0.0	27	1	0	0.23	1	1.1	0.9;
	488	1	0.0	0.0	0.0	0.0	27	1	0	0.23	1	1.1	0.9;
	489	1	0.000129056161611	2.6303465551e-05	0.0	0.0	27	1	0	0.23	1	1.1	0.9;
	490	1	0.0	0.0	0.0	0.0	27	1	0	0.23	1	1.1	0.9;
	491	1	0.004620789573645	0.000426335034245	0.0	0.0	27	1	0	0.23	1	1.1	0.9;
	492	1	0.0	0.0	0.0	0.0	27	1	0	0.23	1	1.1	0.9;
	493	1	0.0	0.0	0.0	0.0	27	1	0	0.23	1	1.1	0.9;
	494	1	0.0	0.0	0.0	0.0	27	1	0	0.23	1	1.1	0.9;
	495	1	0.0	0.0	0.0	0.0	27	1	0	0.23	1	1.1	0.9;
	496	1	0.0	0.0	0.0	0.0	27	1	0	0.23	1	1.1	0.9;
	497	1	0.0	0.0	0.0	0.0	27	1	0	0.23	1	1.1	0.9;
	498	1	0.0	0.0	0.0	0.0	27	1	0	0.23	1	1.1	0.9;
	499	1	0.0	0.0	0.0	0.0	27	1	0	0.23	1	1.1	0.9;
	500	1	0.005904503386974001	0.000637873806834	0.0	0.0	27	1	0	0.23	1	1.1	0.9;
	501	1	0.0	0.0	0.0	0.0	27	1	0	0.23	1	1.1	0.9;
	502	1	0.005033037279385999	0.000477546377866	0.0	0.0	27	1	0	0.23	1	1.1	0.9;
	503	1	0.0	0.0	0.0	0.0	27	1	0	0.23	1	1.1	0.9;
	504	1	0.005257774002215001	0.000472882925656	0.0	0.0	27	1	0	0.23	1	1.1	0.9;
	505	1	0.0	0.0	0.0	0.0	27	1	0	0.23	1	1.1	0.9;
	506	1	0.0	0.0	0.0	0.0	27	1	0	0.23	1	1.1	0.9;
	507	1	0.001757805199439	0.000169407324959	0.0	0.0	27	1	0	0.23	1	1.1	0.9;
	508	1	0.0	0.0	0.0	0.0	27	1	0	0.23	1	1.1	0.9;
	509	1	0.0	0.0	0.0	0.0	27	1	0	0.23	1	1.1	0.9;
	510	1	0.0	0.0	0.0	0.0	27	1	0	0.23	1	1.1	0.9;
	511	1	0.000212922642426	2.628743757e-05	0.0	0.0	27	1	0	0.23	1	1.1	0.9;
	512	1	0.0	0.0	0.0	0.0	27	1	0	0.23	1	1.1	0.9;
	513	1	0.0	0.0	0.0	0.0	27	1	0	0.23	1	1.1	0.9;
	514	1	0.0	0.0	0.0	0.0	27	1	0	0.23	1	1.1	0.9;
	515	1	0.0	0.0	0.0	0.0	27	1	0	0.23	1	1.1	0.9;
	516	1	0.000983911452922	0.000115961927531	0.0	0.0	27	1	0	0.23	1	1.1	0.9;
	517	1	0.0	0.0	0.0	0.0	27	1	0	0.23	1	1.1	0.9;
	518	1	0.000182135963646	2.3600960753e-05	0.0	0.0	27	1	0	0.23	1	1.1	0.9;
	519	1	0.0	0.0	0.0	0.0	27	1	0	0.23	1	1.1	0.9;
	3335	3	0.0	0.0	0.0	0.0	222	1	0	0.23	1	1.1	0.9;
	3336	1	0.0	0.0	0.0	0.0	222	1	0	0.23	1	1.1	0.9;
	3337	1	0.0	0.0	0.0	0.0	222	1	0	0.23	1	1.1	0.9;
	3338	1	0.0	0.0	0.0	0.0	222	1	0	0.23	1	1.1	0.9;
	3339	1	0.0	0.0	0.0	0.0	222	1	0	0.23	1	1.1	0.9;
	3340	1	0.0	0.0	0.0	0.0	222	1	0	0.23	1	1.1	0.9;
	3341	1	0.007735715570811001	0.0007819573932529997	0.0	0.0	222	1	0	0.23	1	1.1	0.9;
	3342	1	0.0	0.0	0.0	0.0	222	1	0	0.23	1	1.1	0.9;
	3343	1	0.001094572017565	0.00013115678471	0.0	0.0	222	1	0	0.23	1	1.1	0.9;
	3344	1	0.0	0.0	0.0	0.0	222	1	0	0.23	1	1.1	0.9;
	3345	1	0.0	0.0	0.0	0.0	222	1	0	0.23	1	1.1	0.9;
	3346	1	0.0	0.0	0.0	0.0	222	1	0	0.23	1	1.1	0.9;
	3347	1	0.0	0.0	0.0	0.0	222	1	0	0.23	1	1.1	0.9;
	3348	1	0.0	0.0	0.0	0.0	222	1	0	0.23	1	1.1	0.9;
	3349	1	0.0	0.0	0.0	0.0	222	1	0	0.23	1	1.1	0.9;
	3350	1	0.0	0.0	0.0	0.0	222	1	0	0.23	1	1.1	0.9;
	3351	1	0.0	0.0	0.0	0.0	222	1	0	0.23	1	1.1	0.9;
	3352	1	0.0	0.0	0.0	0.0	222	1	0	0.23	1	1.1	0.9;
	3353	1	0.001058857411922	0.00013515089488	0.0	0.0	222	1	0	0.23	1	1.1	0.9;
	3354	1	0.0	0.0	0.0	0.0	222	1	0	0.23	1	1.1	0.9;
	3355	1	0.0	0.0	0.0	0.0	222	1	0	0.23	1	1.1	0.9;
	3356	1	0.003541635257679999	0.0003757146396549999	0.0	0.0	222	1	0	0.23	1	1.1	0.9;
	3357	1	0.0	0.0	0.0	0.0	222	1	0	0.23	1	1.1	0.9;
	3358	1	0.0	0.0	0.0	0.0	222	1	0	0.23	1	1.1	0.9;
	3359	1	0.0	0.0	0.0	0.0	222	1	0	0.23	1	1.1	0.9;
	3360	1	0.0	0.0	0.0	0.0	222	1	0	0.23	1	1.1	0.9;
	3361	1	0.004068857559693	0.000407762588074	0.0	0.0	222	1	0	0.23	1	1.1	0.9;
	3362	1	0.0	0.0	0.0	0.0	222	1	0	0.23	1	1.1	0.9;
	3363	1	0.002366307617575	0.000257141382505	0.0	0.0	222	1	0	0.23	1	1.1	0.9;
	3364	1	0.0	0.0	0.0	0.0	222	1	0	0.23	1	1.1	0.9;
	3365	1	0.002483889549584	0.000263151252782	0.0	0.0	222	1	0	0.23	1	1.1	0.9;
	3366	1	0.0	0.0	0.0	0.0	222	1	0	0.23	1	1.1	0.9;
	3367	1	0.0	0.0	0.0	0.0	222	1	0	0.23	1	1.1	0.9;
	3368	1	0.001249714909297	0.000123728915371	0.0	0.0	222	1	0	0.23	1	1.1	0.9;
	3369	1	0.0	0.0	0.0	0.0	222	1	0	0.23	1	1.1	0.9;
	3370	1	0.000782074980134	8.9632699778e-05	0.0	0.0	222	1	0	0.23	1	1.1	0.9;
];

mpc.gen = [
	476	0.0	0.0	Inf	-Inf	1	1	1	Inf	-Inf;
	3335	0.0	0.0	Inf	-Inf	1	1	1	Inf	-Inf;
];

mpc.gencost = [
	2	0	0	2	1	0;
	2	0	0	2	1	0;
];

