function mpc = reconfigurable_outlier_case_6

% function mpc = ../matpowerfiles/LV_fg10
mpc.version = '2';
mpc.baseMVA = 1;
mpc.bus = [
	94	3	0.0	0.0	0.0	0.0	10	1	0	0.23	1	1.1	0.9;
	95	3	0.0	0.0	0.0	0.0	11	1	0	0.23	1	1.1	0.9;
	96	1	0.0	0.0	0.0	0.0	11	1	0	0.23	1	1.1	0.9;
	97	1	0.0	0.0	0.0	0.0	11	1	0	0.23	1	1.1	0.9;
	98	1	0.0	0.0	0.0	0.0	11	1	0	0.23	1	1.1	0.9;
	99	1	0.0	0.0	0.0	0.0	11	1	0	0.23	1	1.1	0.9;
	100	1	0.000795172700933	8.638467295400001e-05	0.0	0.0	11	1	0	0.23	1	1.1	0.9;
	101	1	0.0	0.0	0.0	0.0	11	1	0	0.23	1	1.1	0.9;
	102	1	0.0	0.0	0.0	0.0	11	1	0	0.23	1	1.1	0.9;
	103	1	0.0	0.0	0.0	0.0	11	1	0	0.23	1	1.1	0.9;
	104	1	0.0	0.0	0.0	0.0	11	1	0	0.23	1	1.1	0.9;
	105	1	0.0	0.0	0.0	0.0	11	1	0	0.23	1	1.1	0.9;
	106	1	0.0	0.0	0.0	0.0	11	1	0	0.23	1	1.1	0.9;
	107	1	0.010167798193383	0.00108930080928	0.0	0.0	11	1	0	0.23	1	1.1	0.9;
	108	1	0.0	0.0	0.0	0.0	11	1	0	0.23	1	1.1	0.9;
	109	3	0.0	0.0	0.0	0.0	12	1	0	0.23	1	1.1	0.9;
	110	1	0.0	0.0	0.0	0.0	12	1	0	0.23	1	1.1	0.9;
	111	1	0.0	0.0	0.0	0.0	12	1	0	0.23	1	1.1	0.9;
	112	1	0.0	0.0	0.0	0.0	12	1	0	0.23	1	1.1	0.9;
	113	1	0.002526666133844	0.000270594856997	0.0	0.0	12	1	0	0.23	1	1.1	0.9;
	114	1	0.0	0.0	0.0	0.0	12	1	0	0.23	1	1.1	0.9;
	115	1	0.001157441951062	0.000104074301948	0.0	0.0	12	1	0	0.23	1	1.1	0.9;
	116	1	0.0	0.0	0.0	0.0	12	1	0	0.23	1	1.1	0.9;
	117	1	0.0	0.0	0.0	0.0	12	1	0	0.23	1	1.1	0.9;
	118	1	0.0	0.0	0.0	0.0	12	1	0	0.23	1	1.1	0.9;
	119	1	0.0	0.0	0.0	0.0	12	1	0	0.23	1	1.1	0.9;
	120	1	0.0	0.0	0.0	0.0	12	1	0	0.23	1	1.1	0.9;
	121	1	0.004839956165172999	0.000445643621354	0.0	0.0	12	1	0	0.23	1	1.1	0.9;
	122	1	0.0	0.0	0.0	0.0	12	1	0	0.23	1	1.1	0.9;
	123	1	0.00207338078234	0.000226004267686	0.0	0.0	12	1	0	0.23	1	1.1	0.9;
	124	1	0.0	0.0	0.0	0.0	12	1	0	0.23	1	1.1	0.9;
	125	1	0.000701417138004	0.000101188144828	0.0	0.0	12	1	0	0.23	1	1.1	0.9;
	126	1	0.0	0.0	0.0	0.0	12	1	0	0.23	1	1.1	0.9;
	150	3	0.0	0.0	0.0	0.0	15	1	0	0.23	1	1.1	0.9;
	151	1	0.0	0.0	0.0	0.0	15	1	0	0.23	1	1.1	0.9;
	152	1	0.0	0.0	0.0	0.0	15	1	0	0.23	1	1.1	0.9;
	153	1	0.0	0.0	0.0	0.0	15	1	0	0.23	1	1.1	0.9;
	154	1	0.0	0.0	0.0	0.0	15	1	0	0.23	1	1.1	0.9;
	155	1	0.0	0.0	0.0	0.0	15	1	0	0.23	1	1.1	0.9;
	156	1	0.0	0.0	0.0	0.0	15	1	0	0.23	1	1.1	0.9;
	157	1	0.008740017379043999	0.000879840668411	0.0	0.0	15	1	0	0.23	1	1.1	0.9;
	158	1	0.0	0.0	0.0	0.0	15	1	0	0.23	1	1.1	0.9;
	159	1	0.0	0.0	0.0	0.0	15	1	0	0.23	1	1.1	0.9;
	160	1	0.0	0.0	0.0	0.0	15	1	0	0.23	1	1.1	0.9;
	161	1	0.0	0.0	0.0	0.0	15	1	0	0.23	1	1.1	0.9;
	162	1	0.0	0.0	0.0	0.0	15	1	0	0.23	1	1.1	0.9;
	163	1	0.0	0.0	0.0	0.0	15	1	0	0.23	1	1.1	0.9;
	164	1	0.0	0.0	0.0	0.0	15	1	0	0.23	1	1.1	0.9;
	165	1	0.0	0.0	0.0	0.0	15	1	0	0.23	1	1.1	0.9;
	166	1	0.008377702195576	0.000876084132661	0.0	0.0	15	1	0	0.23	1	1.1	0.9;
	167	1	0.0	0.0	0.0	0.0	15	1	0	0.23	1	1.1	0.9;
	168	1	0.0	0.0	0.0	0.0	15	1	0	0.23	1	1.1	0.9;
	169	1	0.0	0.0	0.0	0.0	15	1	0	0.23	1	1.1	0.9;
	170	1	0.00331869514693	0.0003946590273919999	0.0	0.0	15	1	0	0.23	1	1.1	0.9;
	171	1	0.0	0.0	0.0	0.0	15	1	0	0.23	1	1.1	0.9;
	172	1	0.0	0.0	0.0	0.0	15	1	0	0.23	1	1.1	0.9;
	173	1	0.0	0.0	0.0	0.0	15	1	0	0.23	1	1.1	0.9;
	174	1	0.00281061197982	0.00027560794622	0.0	0.0	15	1	0	0.23	1	1.1	0.9;
	175	1	0.0	0.0	0.0	0.0	15	1	0	0.23	1	1.1	0.9;
	176	1	0.0	0.0	0.0	0.0	15	1	0	0.23	1	1.1	0.9;
	177	1	0.0	0.0	0.0	0.0	15	1	0	0.23	1	1.1	0.9;
	178	1	0.000208170435891	2.5235375273e-05	0.0	0.0	15	1	0	0.23	1	1.1	0.9;
	179	1	0.0	0.0	0.0	0.0	15	1	0	0.23	1	1.1	0.9;
	180	1	0.002432401237535	0.00022840809326	0.0	0.0	15	1	0	0.23	1	1.1	0.9;
	181	1	0.0	0.0	0.0	0.0	15	1	0	0.23	1	1.1	0.9;
	182	1	0.0	0.0	0.0	0.0	15	1	0	0.23	1	1.1	0.9;
	183	1	0.0	0.0	0.0	0.0	15	1	0	0.23	1	1.1	0.9;
	184	1	0.0	0.0	0.0	0.0	15	1	0	0.23	1	1.1	0.9;
	185	1	0.0	0.0	0.0	0.0	15	1	0	0.23	1	1.1	0.9;
	186	1	0.0	0.0	0.0	0.0	15	1	0	0.23	1	1.1	0.9;
	187	1	0.0	0.0	0.0	0.0	15	1	0	0.23	1	1.1	0.9;
	188	1	0.0	0.0	0.0	0.0	15	1	0	0.23	1	1.1	0.9;
	189	1	0.0	0.0	0.0	0.0	15	1	0	0.23	1	1.1	0.9;
	190	1	0.0	0.0	0.0	0.0	15	1	0	0.23	1	1.1	0.9;
	191	1	0.0	0.0	0.0	0.0	15	1	0	0.23	1	1.1	0.9;
	192	1	0.001157208806632	8.6645776931e-05	0.0	0.0	15	1	0	0.23	1	1.1	0.9;
	193	1	0.0	0.0	0.0	0.0	15	1	0	0.23	1	1.1	0.9;
	194	1	0.00082744150773	6.2312158957e-05	0.0	0.0	15	1	0	0.23	1	1.1	0.9;
	195	1	0.0	0.0	0.0	0.0	15	1	0	0.23	1	1.1	0.9;
	196	1	0.0	0.0	0.0	0.0	15	1	0	0.23	1	1.1	0.9;
	197	1	0.000566057081052	6.9679497621e-05	0.0	0.0	15	1	0	0.23	1	1.1	0.9;
	198	1	0.0	0.0	0.0	0.0	15	1	0	0.23	1	1.1	0.9;
	199	1	0.0	0.0	0.0	0.0	15	1	0	0.23	1	1.1	0.9;
	200	1	0.0	0.0	0.0	0.0	15	1	0	0.23	1	1.1	0.9;
	201	1	0.004329091440655001	0.0004360399624879999	0.0	0.0	15	1	0	0.23	1	1.1	0.9;
	202	1	0.0	0.0	0.0	0.0	15	1	0	0.23	1	1.1	0.9;
	203	1	0.0	0.0	0.0	0.0	15	1	0	0.23	1	1.1	0.9;
	204	1	0.0	0.0	0.0	0.0	15	1	0	0.23	1	1.1	0.9;
	205	1	0.003038120434081	0.000301660894647	0.0	0.0	15	1	0	0.23	1	1.1	0.9;
	206	1	0.0	0.0	0.0	0.0	15	1	0	0.23	1	1.1	0.9;
	207	1	0.0	0.0	0.0	0.0	15	1	0	0.23	1	1.1	0.9;
	208	1	0.0	0.0	0.0	0.0	15	1	0	0.23	1	1.1	0.9;
	209	1	0.000231327065323	2.2304422778e-05	0.0	0.0	15	1	0	0.23	1	1.1	0.9;
	210	1	0.0	0.0	0.0	0.0	15	1	0	0.23	1	1.1	0.9;
	211	1	0.0	0.0	0.0	0.0	15	1	0	0.23	1	1.1	0.9;
	212	1	0.0	0.0	0.0	0.0	15	1	0	0.23	1	1.1	0.9;
	213	1	0.000377533943702	5.4767285048e-05	0.0	0.0	15	1	0	0.23	1	1.1	0.9;
	214	1	0.0	0.0	0.0	0.0	15	1	0	0.23	1	1.1	0.9;
	215	1	0.001192660922963	0.000120739548434	0.0	0.0	15	1	0	0.23	1	1.1	0.9;
	216	1	0.0	0.0	0.0	0.0	15	1	0	0.23	1	1.1	0.9;
	217	1	0.0	0.0	0.0	0.0	15	1	0	0.23	1	1.1	0.9;
	218	1	0.0	0.0	0.0	0.0	15	1	0	0.23	1	1.1	0.9;
	219	1	0.0	0.0	0.0	0.0	15	1	0	0.23	1	1.1	0.9;
	220	1	0.001923283032289	0.00019248767032	0.0	0.0	15	1	0	0.23	1	1.1	0.9;
	221	1	0.0	0.0	0.0	0.0	15	1	0	0.23	1	1.1	0.9;
	222	1	0.0	0.0	0.0	0.0	15	1	0	0.23	1	1.1	0.9;
	223	1	0.0	0.0	0.0	0.0	15	1	0	0.23	1	1.1	0.9;
	224	1	0.001181694724205	0.000157657158024	0.0	0.0	15	1	0	0.23	1	1.1	0.9;
	225	1	0.0	0.0	0.0	0.0	15	1	0	0.23	1	1.1	0.9;
	226	1	0.002058123494782	0.00022563073566	0.0	0.0	15	1	0	0.23	1	1.1	0.9;
	227	1	0.0	0.0	0.0	0.0	15	1	0	0.23	1	1.1	0.9;
	228	1	0.0	0.0	0.0	0.0	15	1	0	0.23	1	1.1	0.9;
	229	1	0.0	0.0	0.0	0.0	15	1	0	0.23	1	1.1	0.9;
	230	1	0.000743713745957	0.000109171207848	0.0	0.0	15	1	0	0.23	1	1.1	0.9;
	231	1	0.0	0.0	0.0	0.0	15	1	0	0.23	1	1.1	0.9;
	232	1	0.0	0.0	0.0	0.0	15	1	0	0.23	1	1.1	0.9;
	233	1	0.0	0.0	0.0	0.0	15	1	0	0.23	1	1.1	0.9;
	234	1	0.0	0.0	0.0	0.0	15	1	0	0.23	1	1.1	0.9;
	235	1	0.0	0.0	0.0	0.0	15	1	0	0.23	1	1.1	0.9;
	236	1	0.0	0.0	0.0	0.0	15	1	0	0.23	1	1.1	0.9;
	237	1	0.001639723465411	0.000152312523726	0.0	0.0	15	1	0	0.23	1	1.1	0.9;
	238	1	0.0	0.0	0.0	0.0	15	1	0	0.23	1	1.1	0.9;
	239	1	0.0	0.0	0.0	0.0	15	1	0	0.23	1	1.1	0.9;
	240	1	0.0	0.0	0.0	0.0	15	1	0	0.23	1	1.1	0.9;
	241	1	0.000697213254862	5.9561908002e-05	0.0	0.0	15	1	0	0.23	1	1.1	0.9;
	242	1	0.0	0.0	0.0	0.0	15	1	0	0.23	1	1.1	0.9;
	243	1	0.000422449411515	5.120351361099999e-05	0.0	0.0	15	1	0	0.23	1	1.1	0.9;
	244	1	0.0	0.0	0.0	0.0	15	1	0	0.23	1	1.1	0.9;
	245	1	0.000297949127999	2.3984234535e-05	0.0	0.0	15	1	0	0.23	1	1.1	0.9;
	246	1	0.0	0.0	0.0	0.0	15	1	0	0.23	1	1.1	0.9;
	247	1	0.0	0.0	0.0	0.0	15	1	0	0.23	1	1.1	0.9;
	248	1	0.0	0.0	0.0	0.0	15	1	0	0.23	1	1.1	0.9;
	254	3	0.0	0.0	0.0	0.0	19	1	0	0.23	1	1.1	0.9;
	255	1	0.0	0.0	0.0	0.0	19	1	0	0.23	1	1.1	0.9;
	256	1	0.0	0.0	0.0	0.0	19	1	0	0.23	1	1.1	0.9;
	257	1	0.0	0.0	0.0	0.0	19	1	0	0.23	1	1.1	0.9;
	258	1	0.0	0.0	0.0	0.0	19	1	0	0.23	1	1.1	0.9;
	259	1	0.0	0.0	0.0	0.0	19	1	0	0.23	1	1.1	0.9;
	260	1	0.0	0.0	0.0	0.0	19	1	0	0.23	1	1.1	0.9;
	261	1	0.0	0.0	0.0	0.0	19	1	0	0.23	1	1.1	0.9;
	262	1	0.0	0.0	0.0	0.0	19	1	0	0.23	1	1.1	0.9;
	263	1	0.000250351100825	2.4302041201e-05	0.0	0.0	19	1	0	0.23	1	1.1	0.9;
	264	1	0.0	0.0	0.0	0.0	19	1	0	0.23	1	1.1	0.9;
	265	1	0.011352396032509	0.00109313712103	0.0	0.0	19	1	0	0.23	1	1.1	0.9;
	266	1	0.0	0.0	0.0	0.0	19	1	0	0.23	1	1.1	0.9;
	267	1	0.0	0.0	0.0	0.0	19	1	0	0.23	1	1.1	0.9;
	268	1	0.0	0.0	0.0	0.0	19	1	0	0.23	1	1.1	0.9;
	269	1	0.0	0.0	0.0	0.0	19	1	0	0.23	1	1.1	0.9;
