function mpc = reconfigurable_outlier_case_5

% function mpc = ../matpowerfiles/LV_fg20
mpc.version = '2';
mpc.baseMVA = 1;
mpc.bus = [
	345	3	0.0	0.0	0.0	0.0	26	1	0	0.23	1	1.1	0.9;
	346	1	0.0	0.0	0.0	0.0	26	1	0	0.23	1	1.1	0.9;
	347	1	0.0	0.0	0.0	0.0	26	1	0	0.23	1	1.1	0.9;
	348	1	0.0	0.0	0.0	0.0	26	1	0	0.23	1	1.1	0.9;
	349	1	0.0	0.0	0.0	0.0	26	1	0	0.23	1	1.1	0.9;
	350	1	0.0	0.0	0.0	0.0	26	1	0	0.23	1	1.1	0.9;
	351	1	0.0	0.0	0.0	0.0	26	1	0	0.23	1	1.1	0.9;
	352	1	0.0	0.0	0.0	0.0	26	1	0	0.23	1	1.1	0.9;
	353	1	0.0	0.0	0.0	0.0	26	1	0	0.23	1	1.1	0.9;
	354	1	0.000177480197783	1.8465156768e-05	0.0	0.0	26	1	0	0.23	1	1.1	0.9;
	355	1	0.0	0.0	0.0	0.0	26	1	0	0.23	1	1.1	0.9;
	356	1	0.0	0.0	0.0	0.0	26	1	0	0.23	1	1.1	0.9;
	357	1	0.001100904599586	8.854072366e-05	0.0	0.0	26	1	0	0.23	1	1.1	0.9;
	358	1	0.0	0.0	0.0	0.0	26	1	0	0.23	1	1.1	0.9;
	359	1	0.000224515902536	2.7333199137e-05	0.0	0.0	26	1	0	0.23	1	1.1	0.9;
	360	1	0.0	0.0	0.0	0.0	26	1	0	0.23	1	1.1	0.9;
	361	1	0.0	0.0	0.0	0.0	26	1	0	0.23	1	1.1	0.9;
	362	1	0.0	0.0	0.0	0.0	26	1	0	0.23	1	1.1	0.9;
	363	1	0.000282708000908	1.6459296236e-05	0.0	0.0	26	1	0	0.23	1	1.1	0.9;
	364	1	0.0	0.0	0.0	0.0	26	1	0	0.23	1	1.1	0.9;
	365	1	0.000519056670933	3.9746030553e-05	0.0	0.0	26	1	0	0.23	1	1.1	0.9;
	366	1	0.0	0.0	0.0	0.0	26	1	0	0.23	1	1.1	0.9;
	367	1	0.000725633878491	4.9335958112e-05	0.0	0.0	26	1	0	0.23	1	1.1	0.9;
	368	1	0.0	0.0	0.0	0.0	26	1	0	0.23	1	1.1	0.9;
	369	1	0.0	0.0	0.0	0.0	26	1	0	0.23	1	1.1	0.9;
	370	1	0.0	0.0	0.0	0.0	26	1	0	0.23	1	1.1	0.9;
	371	1	0.0	0.0	0.0	0.0	26	1	0	0.23	1	1.1	0.9;
	372	1	0.0	0.0	0.0	0.0	26	1	0	0.23	1	1.1	0.9;
	373	1	0.000240323987976	2.8556124024e-05	0.0	0.0	26	1	0	0.23	1	1.1	0.9;
	374	1	0.0	0.0	0.0	0.0	26	1	0	0.23	1	1.1	0.9;
	375	1	0.0	0.0	0.0	0.0	26	1	0	0.23	1	1.1	0.9;
	376	1	0.0	0.0	0.0	0.0	26	1	0	0.23	1	1.1	0.9;
	377	1	0.0	0.0	0.0	0.0	26	1	0	0.23	1	1.1	0.9;
	378	1	0.0	0.0	0.0	0.0	26	1	0	0.23	1	1.1	0.9;
	379	1	0.0	0.0	0.0	0.0	26	1	0	0.23	1	1.1	0.9;
	380	1	0.0	0.0	0.0	0.0	26	1	0	0.23	1	1.1	0.9;
	381	1	0.0	0.0	0.0	0.0	26	1	0	0.23	1	1.1	0.9;
	382	1	0.0	0.0	0.0	0.0	26	1	0	0.23	1	1.1	0.9;
	383	1	0.002387762749382	0.000217155086262	0.0	0.0	26	1	0	0.23	1	1.1	0.9;
	384	1	0.0	0.0	0.0	0.0	26	1	0	0.23	1	1.1	0.9;
	385	1	0.0	0.0	0.0	0.0	26	1	0	0.23	1	1.1	0.9;
	386	1	0.0	0.0	0.0	0.0	26	1	0	0.23	1	1.1	0.9;
	387	1	0.0	0.0	0.0	0.0	26	1	0	0.23	1	1.1	0.9;
	388	1	0.0	0.0	0.0	0.0	26	1	0	0.23	1	1.1	0.9;
	389	1	0.000749850474309	7.0351326032e-05	0.0	0.0	26	1	0	0.23	1	1.1	0.9;
	390	1	0.0	0.0	0.0	0.0	26	1	0	0.23	1	1.1	0.9;
	391	1	0.006078385446813	0.0005664087894989998	0.0	0.0	26	1	0	0.23	1	1.1	0.9;
	392	1	0.0	0.0	0.0	0.0	26	1	0	0.23	1	1.1	0.9;
	393	1	0.001906130652441	0.000213419665287	0.0	0.0	26	1	0	0.23	1	1.1	0.9;
	394	1	0.0	0.0	0.0	0.0	26	1	0	0.23	1	1.1	0.9;
	395	1	0.0	0.0	0.0	0.0	26	1	0	0.23	1	1.1	0.9;
	396	1	0.0	0.0	0.0	0.0	26	1	0	0.23	1	1.1	0.9;
	397	1	0.0	0.0	0.0	0.0	26	1	0	0.23	1	1.1	0.9;
	398	1	0.0	0.0	0.0	0.0	26	1	0	0.23	1	1.1	0.9;
	399	1	0.0	0.0	0.0	0.0	26	1	0	0.23	1	1.1	0.9;
	400	1	0.0	0.0	0.0	0.0	26	1	0	0.23	1	1.1	0.9;
	401	1	0.0	0.0	0.0	0.0	26	1	0	0.23	1	1.1	0.9;
	402	1	0.0	0.0	0.0	0.0	26	1	0	0.23	1	1.1	0.9;
	403	1	0.0005057258260810001	4.721289161400001e-05	0.0	0.0	26	1	0	0.23	1	1.1	0.9;
	404	1	0.0	0.0	0.0	0.0	26	1	0	0.23	1	1.1	0.9;
	405	1	0.0	0.0	0.0	0.0	26	1	0	0.23	1	1.1	0.9;
	406	1	0.000799417631583	9.0665948423e-05	0.0	0.0	26	1	0	0.23	1	1.1	0.9;
	407	1	0.0	0.0	0.0	0.0	26	1	0	0.23	1	1.1	0.9;
	408	1	0.000230600400269	2.4468845183e-05	0.0	0.0	26	1	0	0.23	1	1.1	0.9;
	409	1	0.0	0.0	0.0	0.0	26	1	0	0.23	1	1.1	0.9;
	410	1	0.000453152983317	4.557021846199999e-05	0.0	0.0	26	1	0	0.23	1	1.1	0.9;
	411	1	0.0	0.0	0.0	0.0	26	1	0	0.23	1	1.1	0.9;
	412	1	0.0	0.0	0.0	0.0	26	1	0	0.23	1	1.1	0.9;
	413	1	0.0	0.0	0.0	0.0	26	1	0	0.23	1	1.1	0.9;
	414	1	0.0	0.0	0.0	0.0	26	1	0	0.23	1	1.1	0.9;
	415	1	0.0	0.0	0.0	0.0	26	1	0	0.23	1	1.1	0.9;
	416	1	0.0	0.0	0.0	0.0	26	1	0	0.23	1	1.1	0.9;
	417	1	0.0	0.0	0.0	0.0	26	1	0	0.23	1	1.1	0.9;
	418	1	0.0	0.0	0.0	0.0	26	1	0	0.23	1	1.1	0.9;
	419	1	0.000283710028725	2.7219862037e-05	0.0	0.0	26	1	0	0.23	1	1.1	0.9;
	420	1	0.0	0.0	0.0	0.0	26	1	0	0.23	1	1.1	0.9;
	421	1	0.000706100260612	7.0156102167e-05	0.0	0.0	26	1	0	0.23	1	1.1	0.9;
	422	1	0.0	0.0	0.0	0.0	26	1	0	0.23	1	1.1	0.9;
	423	1	0.0	0.0	0.0	0.0	26	1	0	0.23	1	1.1	0.9;
	424	1	0.0	0.0	0.0	0.0	26	1	0	0.23	1	1.1	0.9;
	425	1	0.0	0.0	0.0	0.0	26	1	0	0.23	1	1.1	0.9;
	426	1	0.0	0.0	0.0	0.0	26	1	0	0.23	1	1.1	0.9;
	427	1	0.000239179925603	2.0852605655e-05	0.0	0.0	26	1	0	0.23	1	1.1	0.9;
	428	1	0.0	0.0	0.0	0.0	26	1	0	0.23	1	1.1	0.9;
	429	1	0.0	0.0	0.0	0.0	26	1	0	0.23	1	1.1	0.9;
	430	1	0.0	0.0	0.0	0.0	26	1	0	0.23	1	1.1	0.9;
	431	1	0.0	0.0	0.0	0.0	26	1	0	0.23	1	1.1	0.9;
	432	1	0.0	0.0	0.0	0.0	26	1	0	0.23	1	1.1	0.9;
	433	1	0.0	0.0	0.0	0.0	26	1	0	0.23	1	1.1	0.9;
	434	1	0.0	0.0	0.0	0.0	26	1	0	0.23	1	1.1	0.9;
	435	1	0.000205927448828	1.9880146135e-05	0.0	0.0	26	1	0	0.23	1	1.1	0.9;
	436	1	0.0	0.0	0.0	0.0	26	1	0	0.23	1	1.1	0.9;
	437	1	0.0	0.0	0.0	0.0	26	1	0	0.23	1	1.1	0.9;
	438	1	0.000274630801217	2.1229500413e-05	0.0	0.0	26	1	0	0.23	1	1.1	0.9;
	439	1	0.0	0.0	0.0	0.0	26	1	0	0.23	1	1.1	0.9;
	440	1	0.0	0.0	0.0	0.0	26	1	0	0.23	1	1.1	0.9;
	441	1	0.00013215717116	1.6697123886e-05	0.0	0.0	26	1	0	0.23	1	1.1	0.9;
	442	1	0.0	0.0	0.0	0.0	26	1	0	0.23	1	1.1	0.9;
	443	1	0.001121614841633	0.000119563297079	0.0	0.0	26	1	0	0.23	1	1.1	0.9;
	444	1	0.0	0.0	0.0	0.0	26	1	0	0.23	1	1.1	0.9;
	445	1	0.00043159183182	4.9488495023e-05	0.0	0.0	26	1	0	0.23	1	1.1	0.9;
	446	1	0.0	0.0	0.0	0.0	26	1	0	0.23	1	1.1	0.9;
	447	1	0.0	0.0	0.0	0.0	26	1	0	0.23	1	1.1	0.9;
	448	1	0.0	0.0	0.0	0.0	26	1	0	0.23	1	1.1	0.9;
	449	1	0.0	0.0	0.0	0.0	26	1	0	0.23	1	1.1	0.9;
	450	1	0.0	0.0	0.0	0.0	26	1	0	0.23	1	1.1	0.9;
	451	1	0.0	0.0	0.0	0.0	26	1	0	0.23	1	1.1	0.9;
	452	1	0.0	0.0	0.0	0.0	26	1	0	0.23	1	1.1	0.9;
	453	1	0.0	0.0	0.0	0.0	26	1	0	0.23	1	1.1	0.9;
	454	1	0.0	0.0	0.0	0.0	26	1	0	0.23	1	1.1	0.9;
	455	1	0.0	0.0	0.0	0.0	26	1	0	0.23	1	1.1	0.9;
	456	1	0.0	0.0	0.0	0.0	26	1	0	0.23	1	1.1	0.9;
	457	1	0.000903197712579	8.5803605136e-05	0.0	0.0	26	1	0	0.23	1	1.1	0.9;
	458	1	0.0	0.0	0.0	0.0	26	1	0	0.23	1	1.1	0.9;
	459	1	0.000255660998224	2.7131304697e-05	0.0	0.0	26	1	0	0.23	1	1.1	0.9;
	460	1	0.0	0.0	0.0	0.0	26	1	0	0.23	1	1.1	0.9;
	461	1	0.0	0.0	0.0	0.0	26	1	0	0.23	1	1.1	0.9;
	462	1	0.0	0.0	0.0	0.0	26	1	0	0.23	1	1.1	0.9;
	463	1	0.0	0.0	0.0	0.0	26	1	0	0.23	1	1.1	0.9;
	464	1	0.0	0.0	0.0	0.0	26	1	0	0.23	1	1.1	0.9;
	465	1	0.0	0.0	0.0	0.0	26	1	0	0.23	1	1.1	0.9;
	466	1	0.0	0.0	0.0	0.0	26	1	0	0.23	1	1.1	0.9;
	467	1	0.00167958719426	0.000149425358144	0.0	0.0	26	1	0	0.23	1	1.1	0.9;
	468	1	0.0	0.0	0.0	0.0	26	1	0	0.23	1	1.1	0.9;
	469	1	0.000473788009973	4.2647899171e-05	0.0	0.0	26	1	0	0.23	1	1.1	0.9;
	470	1	0.0	0.0	0.0	0.0	26	1	0	0.23	1	1.1	0.9;
	471	1	0.001432504021857	0.000186103438062	0.0	0.0	26	1	0	0.23	1	1.1	0.9;
	472	1	0.0	0.0	0.0	0.0	26	1	0	0.23	1	1.1	0.9;
	473	1	0.000434319606871	5.7840807093e-05	0.0	0.0	26	1	0	0.23	1	1.1	0.9;
	474	1	0.0	0.0	0.0	0.0	26	1	0	0.23	1	1.1	0.9;
	475	1	0.0	0.0	0.0	0.0	26	1	0	0.23	1	1.1	0.9;
	540	3	0.0	0.0	0.0	0.0	29	1	0	0.23	1	1.1	0.9;
	541	1	0.0	0.0	0.0	0.0	29	1	0	0.23	1	1.1	0.9;
	542	1	0.0	0.0	0.0	0.0	29	1	0	0.23	1	1.1	0.9;
	543	1	0.0	0.0	0.0	0.0	29	1	0	0.23	1	1.1	0.9;
	544	1	0.0	0.0	0.0	0.0	29	1	0	0.23	1	1.1	0.9;
	545	1	0.000921721991364	6.7358687056e-05	0.0	0.0	29	1	0	0.23	1	1.1	0.9;
	546	1	0.0	0.0	0.0	0.0	29	1	0	0.23	1	1.1	0.9;
	547	1	0.0	0.0	0.0	0.0	29	1	0	0.23	1	1.1	0.9;
	548	1	0.0	0.0	0.0	0.0	29	1	0	0.23	1	1.1	0.9;
	549	1	0.0	0.0	0.0	0.0	29	1	0	0.23	1	1.1	0.9;
	550	1	0.0	0.0	0.0	0.0	29	1	0	0.23	1	1.1	0.9;
	551	1	0.0	0.0	0.0	0.0	29	1	0	0.23	1	1.1	0.9;
	552	1	0.0	0.0	0.0	0.0	29	1	0	0.23	1	1.1	0.9;
	553	1	0.0	0.0	0.0	0.0	29	1	0	0.23	1	1.1	0.9;
	554	1	0.001488139229355	0.000146536544694	0.0	0.0	29	1	0	0.23	1	1.1	0.9;
	555	1	0.0	0.0	0.0	0.0	29	1	0	0.23	1	1.1	0.9;
	556	1	0.001760742533418	0.000166125473147	0.0	0.0	29	1	0	0.23	1	1.1	0.9;
