

function mpc = ../matpowerfiles/LV_fg24
mpc.version = '2';
mpc.baseMVA = 1;
mpc.bus = [
	671	3	0.0	0.0	0.0	0.0	34	1	0	0.23	1	1.1	0.9;
	672	1	0.0	0.0	0.0	0.0	34	1	0	0.23	1	1.1	0.9;
	673	1	0.001859125693368	0.000154915541484	0.0	0.0	34	1	0	0.23	1	1.1	0.9;
	674	1	0.0	0.0	0.0	0.0	34	1	0	0.23	1	1.1	0.9;
	675	1	0.0	0.0	0.0	0.0	34	1	0	0.23	1	1.1	0.9;
	676	1	0.001167147336569	9.7056549868e-05	0.0	0.0	34	1	0	0.23	1	1.1	0.9;
	677	1	0.0	0.0	0.0	0.0	34	1	0	0.23	1	1.1	0.9;
	678	1	0.0	0.0	0.0	0.0	34	1	0	0.23	1	1.1	0.9;
	679	1	0.000220195778485	2.1787094465e-05	0.0	0.0	34	1	0	0.23	1	1.1	0.9;
	680	1	0.0	0.0	0.0	0.0	34	1	0	0.23	1	1.1	0.9;
	681	1	0.001132741909667	0.000118983549396	0.0	0.0	34	1	0	0.23	1	1.1	0.9;
	682	1	0.0	0.0	0.0	0.0	34	1	0	0.23	1	1.1	0.9;
	683	1	0.0	0.0	0.0	0.0	34	1	0	0.23	1	1.1	0.9;
	684	1	0.0	0.0	0.0	0.0	34	1	0	0.23	1	1.1	0.9;
	685	1	0.0	0.0	0.0	0.0	34	1	0	0.23	1	1.1	0.9;
	686	1	0.000236898878044	2.3276541569e-05	0.0	0.0	34	1	0	0.23	1	1.1	0.9;
	687	1	0.0	0.0	0.0	0.0	34	1	0	0.23	1	1.1	0.9;
	688	1	0.000252133700034	2.1210084102e-05	0.0	0.0	34	1	0	0.23	1	1.1	0.9;
	689	1	0.0	0.0	0.0	0.0	34	1	0	0.23	1	1.1	0.9;
	690	1	0.000244195240267	2.6839574725e-05	0.0	0.0	34	1	0	0.23	1	1.1	0.9;
	691	1	0.0	0.0	0.0	0.0	34	1	0	0.23	1	1.1	0.9;
	692	1	0.000152497570628	2.332841768e-05	0.0	0.0	34	1	0	0.23	1	1.1	0.9;
	693	1	0.0	0.0	0.0	0.0	34	1	0	0.23	1	1.1	0.9;
	694	1	0.000494279784039	4.399603786e-05	0.0	0.0	34	1	0	0.23	1	1.1	0.9;
	695	1	0.0	0.0	0.0	0.0	34	1	0	0.23	1	1.1	0.9;
	696	1	0.000224718218478	2.2490518324e-05	0.0	0.0	34	1	0	0.23	1	1.1	0.9;
	697	1	0.0	0.0	0.0	0.0	34	1	0	0.23	1	1.1	0.9;
	698	1	0.000246100938209	2.9616994338e-05	0.0	0.0	34	1	0	0.23	1	1.1	0.9;
	699	1	0.0	0.0	0.0	0.0	34	1	0	0.23	1	1.1	0.9;
	700	1	0.0	0.0	0.0	0.0	34	1	0	0.23	1	1.1	0.9;
	701	1	0.0	0.0	0.0	0.0	34	1	0	0.23	1	1.1	0.9;
	702	1	0.0	0.0	0.0	0.0	34	1	0	0.23	1	1.1	0.9;
	703	1	0.000220334636259	2.0640681079e-05	0.0	0.0	34	1	0	0.23	1	1.1	0.9;
	704	1	0.0	0.0	0.0	0.0	34	1	0	0.23	1	1.1	0.9;
	705	1	0.0	0.0	0.0	0.0	34	1	0	0.23	1	1.1	0.9;
	706	1	0.0	0.0	0.0	0.0	34	1	0	0.23	1	1.1	0.9;
	707	1	0.0	0.0	0.0	0.0	34	1	0	0.23	1	1.1	0.9;
	708	1	0.000199442478941	2.27399587e-05	0.0	0.0	34	1	0	0.23	1	1.1	0.9;
	709	1	0.0	0.0	0.0	0.0	34	1	0	0.23	1	1.1	0.9;
	710	1	0.0	0.0	0.0	0.0	34	1	0	0.23	1	1.1	0.9;
	711	1	0.000231536480975	2.4238864053e-05	0.0	0.0	34	1	0	0.23	1	1.1	0.9;
	712	1	0.0	0.0	0.0	0.0	34	1	0	0.23	1	1.1	0.9;
	713	1	0.00020648053113	2.7727185653e-05	0.0	0.0	34	1	0	0.23	1	1.1	0.9;
	714	1	0.0	0.0	0.0	0.0	34	1	0	0.23	1	1.1	0.9;
	715	1	0.0	0.0	0.0	0.0	34	1	0	0.23	1	1.1	0.9;
	716	1	0.000189004033685	2.6411462754e-05	0.0	0.0	34	1	0	0.23	1	1.1	0.9;
	717	1	0.0	0.0	0.0	0.0	34	1	0	0.23	1	1.1	0.9;
	718	1	0.000248958855537	2.4423303825e-05	0.0	0.0	34	1	0	0.23	1	1.1	0.9;
	719	1	0.0	0.0	0.0	0.0	34	1	0	0.23	1	1.1	0.9;
	720	1	0.000325222500209	2.3129854933e-05	0.0	0.0	34	1	0	0.23	1	1.1	0.9;
	721	1	0.0	0.0	0.0	0.0	34	1	0	0.23	1	1.1	0.9;
	722	1	0.0	0.0	0.0	0.0	34	1	0	0.23	1	1.1	0.9;
	723	1	0.000274131331835	2.1383755829e-05	0.0	0.0	34	1	0	0.23	1	1.1	0.9;
	724	1	0.0	0.0	0.0	0.0	34	1	0	0.23	1	1.1	0.9;
	725	1	0.00022359079184	2.0227025629e-05	0.0	0.0	34	1	0	0.23	1	1.1	0.9;
	726	1	0.0	0.0	0.0	0.0	34	1	0	0.23	1	1.1	0.9;
	727	1	0.000225125516909	2.342868264e-05	0.0	0.0	34	1	0	0.23	1	1.1	0.9;
	728	1	0.0	0.0	0.0	0.0	34	1	0	0.23	1	1.1	0.9;
	729	1	0.0002045265677	1.9011856683e-05	0.0	0.0	34	1	0	0.23	1	1.1	0.9;
	730	1	0.0	0.0	0.0	0.0	34	1	0	0.23	1	1.1	0.9;
	731	1	0.0	0.0	0.0	0.0	34	1	0	0.23	1	1.1	0.9;
	732	1	0.0	0.0	0.0	0.0	34	1	0	0.23	1	1.1	0.9;
	733	1	0.000259171958264	2.5779804157e-05	0.0	0.0	34	1	0	0.23	1	1.1	0.9;
	734	1	0.0	0.0	0.0	0.0	34	1	0	0.23	1	1.1	0.9;
	735	1	0.0	0.0	0.0	0.0	34	1	0	0.23	1	1.1	0.9;
	736	1	0.0	0.0	0.0	0.0	34	1	0	0.23	1	1.1	0.9;
	737	1	0.0	0.0	0.0	0.0	34	1	0	0.23	1	1.1	0.9;
	738	1	0.0	0.0	0.0	0.0	34	1	0	0.23	1	1.1	0.9;
	739	1	0.0	0.0	0.0	0.0	34	1	0	0.23	1	1.1	0.9;
	740	1	0.003039119216942	0.000311404583037	0.0	0.0	34	1	0	0.23	1	1.1	0.9;
	741	1	0.0	0.0	0.0	0.0	34	1	0	0.23	1	1.1	0.9;
	742	1	0.000232165895297	2.9117082521e-05	0.0	0.0	34	1	0	0.23	1	1.1	0.9;
	743	1	0.0	0.0	0.0	0.0	34	1	0	0.23	1	1.1	0.9;
	744	1	0.0	0.0	0.0	0.0	34	1	0	0.23	1	1.1	0.9;
	745	1	0.0	0.0	0.0	0.0	34	1	0	0.23	1	1.1	0.9;
	746	1	0.000255955071399	2.6681541689e-05	0.0	0.0	34	1	0	0.23	1	1.1	0.9;
	747	1	0.0	0.0	0.0	0.0	34	1	0	0.23	1	1.1	0.9;
	748	1	0.0	0.0	0.0	0.0	34	1	0	0.23	1	1.1	0.9;
	749	1	0.000208142322443	2.0803833865e-05	0.0	0.0	34	1	0	0.23	1	1.1	0.9;
	750	1	0.0	0.0	0.0	0.0	34	1	0	0.23	1	1.1	0.9;
	751	1	0.00027692183074	2.7495618866e-05	0.0	0.0	34	1	0	0.23	1	1.1	0.9;
	752	1	0.0	0.0	0.0	0.0	34	1	0	0.23	1	1.1	0.9;
	753	1	0.000243647909802	2.0025731501e-05	0.0	0.0	34	1	0	0.23	1	1.1	0.9;
	754	1	0.0	0.0	0.0	0.0	34	1	0	0.23	1	1.1	0.9;
	755	1	0.000206688828903	2.589510364e-05	0.0	0.0	34	1	0	0.23	1	1.1	0.9;
	756	1	0.0	0.0	0.0	0.0	34	1	0	0.23	1	1.1	0.9;
	757	1	0.000257210140095	2.4382406895e-05	0.0	0.0	34	1	0	0.23	1	1.1	0.9;
	781	3	0.0	0.0	0.0	0.0	37	1	0	0.23	1	1.1	0.9;
	782	1	0.0	0.0	0.0	0.0	37	1	0	0.23	1	1.1	0.9;
	783	1	0.0	0.0	0.0	0.0	37	1	0	0.23	1	1.1	0.9;
	784	1	0.0	0.0	0.0	0.0	37	1	0	0.23	1	1.1	0.9;
	785	1	0.004385100846998	0.000471050814816	0.0	0.0	37	1	0	0.23	1	1.1	0.9;
	786	1	0.0	0.0	0.0	0.0	37	1	0	0.23	1	1.1	0.9;
	787	1	0.0	0.0	0.0	0.0	37	1	0	0.23	1	1.1	0.9;
	788	1	0.0002017592864	2.6340279228e-05	0.0	0.0	37	1	0	0.23	1	1.1	0.9;
	789	1	0.0	0.0	0.0	0.0	37	1	0	0.23	1	1.1	0.9;
	790	1	0.0	0.0	0.0	0.0	37	1	0	0.23	1	1.1	0.9;
	2950	3	0.0	0.0	0.0	0.0	207	1	0	0.23	1	1.1	0.9;
	2951	1	0.0	0.0	0.0	0.0	207	1	0	0.23	1	1.1	0.9;
	2952	1	0.0	0.0	0.0	0.0	207	1	0	0.23	1	1.1	0.9;
	2953	1	0.0	0.0	0.0	0.0	207	1	0	0.23	1	1.1	0.9;
	2954	1	0.0	0.0	0.0	0.0	207	1	0	0.23	1	1.1	0.9;
	2955	1	0.0	0.0	0.0	0.0	207	1	0	0.23	1	1.1	0.9;
	2956	1	0.000236885932067	2.4209118909e-05	0.0	0.0	207	1	0	0.23	1	1.1	0.9;
	2957	1	0.0	0.0	0.0	0.0	207	1	0	0.23	1	1.1	0.9;
	2958	1	0.0	0.0	0.0	0.0	207	1	0	0.23	1	1.1	0.9;
	2959	1	0.000150607389606	1.9679985763e-05	0.0	0.0	207	1	0	0.23	1	1.1	0.9;
	2960	1	0.0	0.0	0.0	0.0	207	1	0	0.23	1	1.1	0.9;
	2961	1	0.000289550492988	2.0190462664e-05	0.0	0.0	207	1	0	0.23	1	1.1	0.9;
	2962	1	0.0	0.0	0.0	0.0	207	1	0	0.23	1	1.1	0.9;
	2963	1	0.000225382151235	1.3881717281e-05	0.0	0.0	207	1	0	0.23	1	1.1	0.9;
	2964	1	0.0	0.0	0.0	0.0	207	1	0	0.23	1	1.1	0.9;
	2965	1	0.000196930154805	2.1114505891e-05	0.0	0.0	207	1	0	0.23	1	1.1	0.9;
	2966	1	0.0	0.0	0.0	0.0	207	1	0	0.23	1	1.1	0.9;
	2967	1	0.0	0.0	0.0	0.0	207	1	0	0.23	1	1.1	0.9;
	2968	1	0.000223612814954	2.541494124e-05	0.0	0.0	207	1	0	0.23	1	1.1	0.9;
	2969	1	0.0	0.0	0.0	0.0	207	1	0	0.23	1	1.1	0.9;
	2970	1	0.000253726985809	2.4110232752e-05	0.0	0.0	207	1	0	0.23	1	1.1	0.9;
	2971	1	0.0	0.0	0.0	0.0	207	1	0	0.23	1	1.1	0.9;
	2972	1	0.0	0.0	0.0	0.0	207	1	0	0.23	1	1.1	0.9;
	2973	1	0.0	0.0	0.0	0.0	207	1	0	0.23	1	1.1	0.9;
	2974	1	0.0	0.0	0.0	0.0	207	1	0	0.23	1	1.1	0.9;
	2975	1	0.005464706510327999	0.000593036419022	0.0	0.0	207	1	0	0.23	1	1.1	0.9;
	2976	1	0.0	0.0	0.0	0.0	207	1	0	0.23	1	1.1	0.9;
	2977	1	0.003705653722359	0.000326275111577	0.0	0.0	207	1	0	0.23	1	1.1	0.9;
	2978	1	0.0	0.0	0.0	0.0	207	1	0	0.23	1	1.1	0.9;
	2979	1	0.002808966026567	0.000244693098725	0.0	0.0	207	1	0	0.23	1	1.1	0.9;
	2980	1	0.0	0.0	0.0	0.0	207	1	0	0.23	1	1.1	0.9;
	2981	1	0.0	0.0	0.0	0.0	207	1	0	0.23	1	1.1	0.9;
	2982	1	0.003924466644376999	0.000392419605671	0.0	0.0	207	1	0	0.23	1	1.1	0.9;
	2983	1	0.0	0.0	0.0	0.0	207	1	0	0.23	1	1.1	0.9;
	2984	1	0.0	0.0	0.0	0.0	207	1	0	0.23	1	1.1	0.9;
	2985	1	0.0	0.0	0.0	0.0	207	1	0	0.23	1	1.1	0.9;
	2986	1	0.000284960243331	2.7229163737e-05	0.0	0.0	207	1	0	0.23	1	1.1	0.9;
	2987	1	0.0	0.0	0.0	0.0	207	1	0	0.23	1	1.1	0.9;
	2988	1	0.0	0.0	0.0	0.0	207	1	0	0.23	1	1.1	0.9;
	2989	1	0.000190395444894	1.1196586427e-05	0.0	0.0	207	1	0	0.23	1	1.1	0.9;
	2990	1	0.0	0.0	0.0	0.0	207	1	0	0.23	1	1.1	0.9;
];

