function mpc = reconfigurable_case_3

% function mpc = ../matpowerfiles/LV_fg82
mpc.version = '2';
mpc.baseMVA = 1;
mpc.bus = [
	2022	3	0.0	0.0	0.0	0.0	123	1	0	0.23	1	1.1	0.9;
	2023	1	0.0	0.0	0.0	0.0	123	1	0	0.23	1	1.1	0.9;
	2024	1	0.0	0.0	0.0	0.0	123	1	0	0.23	1	1.1	0.9;
	2025	1	0.0	0.0	0.0	0.0	123	1	0	0.23	1	1.1	0.9;
	2026	1	0.004381306275363	0.0003961952147079999	0.0	0.0	123	1	0	0.23	1	1.1	0.9;
	2027	1	0.0	0.0	0.0	0.0	123	1	0	0.23	1	1.1	0.9;
	2028	1	0.006526341729867	0.0007067934448539999	0.0	0.0	123	1	0	0.23	1	1.1	0.9;
	2029	1	0.0	0.0	0.0	0.0	123	1	0	0.23	1	1.1	0.9;
	2030	1	0.006558647910104	0.000628056836753	0.0	0.0	123	1	0	0.23	1	1.1	0.9;
	2031	1	0.0	0.0	0.0	0.0	123	1	0	0.23	1	1.1	0.9;
	2032	1	0.0	0.0	0.0	0.0	123	1	0	0.23	1	1.1	0.9;
	2033	1	0.004886875260678	0.00052007604886	0.0	0.0	123	1	0	0.23	1	1.1	0.9;
	2034	1	0.0	0.0	0.0	0.0	123	1	0	0.23	1	1.1	0.9;
	2035	1	0.0	0.0	0.0	0.0	123	1	0	0.23	1	1.1	0.9;
	2036	1	0.0	0.0	0.0	0.0	123	1	0	0.23	1	1.1	0.9;
	2037	1	0.0	0.0	0.0	0.0	123	1	0	0.23	1	1.1	0.9;
	2038	1	0.000211593318073	1.6963376612e-05	0.0	0.0	123	1	0	0.23	1	1.1	0.9;
	2039	1	0.0	0.0	0.0	0.0	123	1	0	0.23	1	1.1	0.9;
	2040	1	0.0	0.0	0.0	0.0	123	1	0	0.23	1	1.1	0.9;
	2041	1	0.000195757129128	2.4262090499e-05	0.0	0.0	123	1	0	0.23	1	1.1	0.9;
	2042	1	0.0	0.0	0.0	0.0	123	1	0	0.23	1	1.1	0.9;
	2043	1	0.0	0.0	0.0	0.0	123	1	0	0.23	1	1.1	0.9;
	2044	1	0.0	0.0	0.0	0.0	123	1	0	0.23	1	1.1	0.9;
	2045	1	0.000278741730102	2.2314352137e-05	0.0	0.0	123	1	0	0.23	1	1.1	0.9;
	2046	1	0.0	0.0	0.0	0.0	123	1	0	0.23	1	1.1	0.9;
	2047	1	0.0	0.0	0.0	0.0	123	1	0	0.23	1	1.1	0.9;
	2048	1	0.000210345616744	2.2123198368e-05	0.0	0.0	123	1	0	0.23	1	1.1	0.9;
	2049	1	0.0	0.0	0.0	0.0	123	1	0	0.23	1	1.1	0.9;
	2050	1	0.0	0.0	0.0	0.0	123	1	0	0.23	1	1.1	0.9;
	2051	1	0.000217995381097	1.8711602104e-05	0.0	0.0	123	1	0	0.23	1	1.1	0.9;
	2052	1	0.0	0.0	0.0	0.0	123	1	0	0.23	1	1.1	0.9;
	2053	1	0.00027159749296	2.8297085557e-05	0.0	0.0	123	1	0	0.23	1	1.1	0.9;
	2054	1	0.0	0.0	0.0	0.0	123	1	0	0.23	1	1.1	0.9;
	2055	1	0.0	0.0	0.0	0.0	123	1	0	0.23	1	1.1	0.9;
	2056	1	0.000168927528907	2.0114898159e-05	0.0	0.0	123	1	0	0.23	1	1.1	0.9;
	2057	1	0.0	0.0	0.0	0.0	123	1	0	0.23	1	1.1	0.9;
	2058	1	0.000170078874737	2.6391039314e-05	0.0	0.0	123	1	0	0.23	1	1.1	0.9;
	2059	1	0.0	0.0	0.0	0.0	123	1	0	0.23	1	1.1	0.9;
	2060	1	0.0	0.0	0.0	0.0	123	1	0	0.23	1	1.1	0.9;
	2061	1	0.0	0.0	0.0	0.0	123	1	0	0.23	1	1.1	0.9;
	2062	1	0.0	0.0	0.0	0.0	123	1	0	0.23	1	1.1	0.9;
	2063	1	0.0	0.0	0.0	0.0	123	1	0	0.23	1	1.1	0.9;
	2064	1	0.000252790170168	1.8642182171e-05	0.0	0.0	123	1	0	0.23	1	1.1	0.9;
	3570	3	0.0	0.0	0.0	0.0	234	1	0	0.23	1	1.1	0.9;
	3571	1	0.0	0.0	0.0	0.0	234	1	0	0.23	1	1.1	0.9;
	3572	1	0.0	0.0	0.0	0.0	234	1	0	0.23	1	1.1	0.9;
	3573	1	0.00371953458175	0.000351461010962	0.0	0.0	234	1	0	0.23	1	1.1	0.9;
	3574	1	0.0	0.0	0.0	0.0	234	1	0	0.23	1	1.1	0.9;
	3575	1	0.0	0.0	0.0	0.0	234	1	0	0.23	1	1.1	0.9;
	3576	1	0.0	0.0	0.0	0.0	234	1	0	0.23	1	1.1	0.9;
	3577	1	0.0	0.0	0.0	0.0	234	1	0	0.23	1	1.1	0.9;
	3578	1	0.004627969542878	0.000425677107853	0.0	0.0	234	1	0	0.23	1	1.1	0.9;
	3579	1	0.0	0.0	0.0	0.0	234	1	0	0.23	1	1.1	0.9;
	3580	1	0.0	0.0	0.0	0.0	234	1	0	0.23	1	1.1	0.9;
	3581	1	0.0	0.0	0.0	0.0	234	1	0	0.23	1	1.1	0.9;
	3582	1	0.007659159294791999	0.0007317992393969999	0.0	0.0	234	1	0	0.23	1	1.1	0.9;
	3583	1	0.0	0.0	0.0	0.0	234	1	0	0.23	1	1.1	0.9;
	3584	1	0.000762895120169	9.9768388587e-05	0.0	0.0	234	1	0	0.23	1	1.1	0.9;
	3585	1	0.0	0.0	0.0	0.0	234	1	0	0.23	1	1.1	0.9;
	3586	1	0.0	0.0	0.0	0.0	234	1	0	0.23	1	1.1	0.9;
	3587	1	0.0	0.0	0.0	0.0	234	1	0	0.23	1	1.1	0.9;
	3588	1	0.0	0.0	0.0	0.0	234	1	0	0.23	1	1.1	0.9;
	3589	1	0.0	0.0	0.0	0.0	234	1	0	0.23	1	1.1	0.9;
	3590	1	0.0	0.0	0.0	0.0	234	1	0	0.23	1	1.1	0.9;
	3591	1	0.0	0.0	0.0	0.0	234	1	0	0.23	1	1.1	0.9;
	3592	1	0.0	0.0	0.0	0.0	234	1	0	0.23	1	1.1	0.9;
	3593	1	0.009656601216248001	0.0009592517064160001	0.0	0.0	234	1	0	0.23	1	1.1	0.9;
	3594	1	0.0	0.0	0.0	0.0	234	1	0	0.23	1	1.1	0.9;
	3595	1	0.0	0.0	0.0	0.0	234	1	0	0.23	1	1.1	0.9;
	3596	1	0.006190335562676	0.0005951334773279999	0.0	0.0	234	1	0	0.23	1	1.1	0.9;
	3597	1	0.0	0.0	0.0	0.0	234	1	0	0.23	1	1.1	0.9;
	3598	1	0.0	0.0	0.0	0.0	234	1	0	0.23	1	1.1	0.9;
	3599	1	0.00407230663928	0.000377549181919	0.0	0.0	234	1	0	0.23	1	1.1	0.9;
	3600	1	0.0	0.0	0.0	0.0	234	1	0	0.23	1	1.1	0.9;
	3601	1	0.0	0.0	0.0	0.0	234	1	0	0.23	1	1.1	0.9;
	3602	1	0.005211091759478	0.000501916670998	0.0	0.0	234	1	0	0.23	1	1.1	0.9;
	3603	1	0.0	0.0	0.0	0.0	234	1	0	0.23	1	1.1	0.9;
	3604	1	0.0	0.0	0.0	0.0	234	1	0	0.23	1	1.1	0.9;
	3605	1	0.0	0.0	0.0	0.0	234	1	0	0.23	1	1.1	0.9;
	3606	1	0.0	0.0	0.0	0.0	234	1	0	0.23	1	1.1	0.9;
	3607	1	0.0	0.0	0.0	0.0	234	1	0	0.23	1	1.1	0.9;
	3608	1	0.0	0.0	0.0	0.0	234	1	0	0.23	1	1.1	0.9;
	3609	1	0.0	0.0	0.0	0.0	234	1	0	0.23	1	1.1	0.9;
	3610	1	0.00795311488313	0.0008067050158719999	0.0	0.0	234	1	0	0.23	1	1.1	0.9;
	3611	1	0.0	0.0	0.0	0.0	234	1	0	0.23	1	1.1	0.9;
	3612	1	0.0	0.0	0.0	0.0	234	1	0	0.23	1	1.1	0.9;
	3613	1	0.000494822900658	4.550697272e-05	0.0	0.0	234	1	0	0.23	1	1.1	0.9;
	3614	1	0.0	0.0	0.0	0.0	234	1	0	0.23	1	1.1	0.9;
	3615	1	0.0	0.0	0.0	0.0	234	1	0	0.23	1	1.1	0.9;
	3616	1	0.0	0.0	0.0	0.0	234	1	0	0.23	1	1.1	0.9;
	3617	1	0.0	0.0	0.0	0.0	234	1	0	0.23	1	1.1	0.9;
	3618	1	0.0	0.0	0.0	0.0	234	1	0	0.23	1	1.1	0.9;
	3619	1	0.0	0.0	0.0	0.0	234	1	0	0.23	1	1.1	0.9;
	3620	1	0.0007962105360799999	7.9669937259e-05	0.0	0.0	234	1	0	0.23	1	1.1	0.9;
	3621	1	0.0	0.0	0.0	0.0	234	1	0	0.23	1	1.1	0.9;
	3622	1	0.0	0.0	0.0	0.0	234	1	0	0.23	1	1.1	0.9;
	3623	1	0.0	0.0	0.0	0.0	234	1	0	0.23	1	1.1	0.9;
	3624	1	0.0	0.0	0.0	0.0	234	1	0	0.23	1	1.1	0.9;
	3626	3	0.0	0.0	0.0	0.0	236	1	0	0.23	1	1.1	0.9;
	3627	1	0.0	0.0	0.0	0.0	236	1	0	0.23	1	1.1	0.9;
	3628	1	0.0	0.0	0.0	0.0	236	1	0	0.23	1	1.1	0.9;
	3629	1	0.0	0.0	0.0	0.0	236	1	0	0.23	1	1.1	0.9;
	3667	3	0.0	0.0	0.0	0.0	240	1	0	0.23	1	1.1	0.9;
	3668	1	0.0	0.0	0.0	0.0	240	1	0	0.23	1	1.1	0.9;
	3669	1	0.0	0.0	0.0	0.0	240	1	0	0.23	1	1.1	0.9;
	3670	1	0.0	0.0	0.0	0.0	240	1	0	0.23	1	1.1	0.9;
	3671	1	0.0	0.0	0.0	0.0	240	1	0	0.23	1	1.1	0.9;
	3672	1	0.0	0.0	0.0	0.0	240	1	0	0.23	1	1.1	0.9;
	3673	1	0.003048665628914001	0.000317678437125	0.0	0.0	240	1	0	0.23	1	1.1	0.9;
	3674	1	0.0	0.0	0.0	0.0	240	1	0	0.23	1	1.1	0.9;
	3675	1	0.003129682409035	0.000279951270878	0.0	0.0	240	1	0	0.23	1	1.1	0.9;
	3676	1	0.0	0.0	0.0	0.0	240	1	0	0.23	1	1.1	0.9;
	3677	1	0.0	0.0	0.0	0.0	240	1	0	0.23	1	1.1	0.9;
	3678	1	0.0	0.0	0.0	0.0	240	1	0	0.23	1	1.1	0.9;
	3679	1	0.0	0.0	0.0	0.0	240	1	0	0.23	1	1.1	0.9;
	3680	1	0.002894898846363	0.000289785290692	0.0	0.0	240	1	0	0.23	1	1.1	0.9;
	3681	1	0.0	0.0	0.0	0.0	240	1	0	0.23	1	1.1	0.9;
	3682	1	0.002870013192424	0.000276919468386	0.0	0.0	240	1	0	0.23	1	1.1	0.9;
	3683	1	0.0	0.0	0.0	0.0	240	1	0	0.23	1	1.1	0.9;
	3684	1	0.0	0.0	0.0	0.0	240	1	0	0.23	1	1.1	0.9;
	3685	1	0.0	0.0	0.0	0.0	240	1	0	0.23	1	1.1	0.9;
	3686	1	0.0	0.0	0.0	0.0	240	1	0	0.23	1	1.1	0.9;
	3687	1	0.0	0.0	0.0	0.0	240	1	0	0.23	1	1.1	0.9;
	3688	1	0.006395033390569	0.0005554020924659999	0.0	0.0	240	1	0	0.23	1	1.1	0.9;
	3689	1	0.0	0.0	0.0	0.0	240	1	0	0.23	1	1.1	0.9;
	3690	1	0.0	0.0	0.0	0.0	240	1	0	0.23	1	1.1	0.9;
	3691	1	0.003440183061849	0.000359308765303	0.0	0.0	240	1	0	0.23	1	1.1	0.9;
	3692	1	0.0	0.0	0.0	0.0	240	1	0	0.23	1	1.1	0.9;
	3693	1	0.0	0.0	0.0	0.0	240	1	0	0.23	1	1.1	0.9;
	3694	1	0.004727013762803	0.000549955144449	0.0	0.0	240	1	0	0.23	1	1.1	0.9;
	3695	1	0.0	0.0	0.0	0.0	240	1	0	0.23	1	1.1	0.9;
	3696	1	0.000748657367186	9.0836060528e-05	0.0	0.0	240	1	0	0.23	1	1.1	0.9;
];

mpc.gen = [
	2022	0.0	0.0	Inf	-Inf	1	1	1	Inf	-Inf;
	3570	0.0	0.0	Inf	-Inf	1	1	1	Inf	-Inf;
	3626	0.0	0.0	Inf	-Inf	1	1	1	Inf	-Inf;
	3667	0.0	0.0	Inf	-Inf	1	1	1	Inf	-Inf;
];

mpc.gencost = [
	2	0	0	2	1	0;
	2	0	0	2	1	0;
	2	0	0	2	1	0;
	2	0	0	2	1	0;
];

